28,3
28,2
28,1
28,0
27,3
27,2
27,1
27,0
26,3
26,2
26,1
26,0
25,3
25,2
25,1
25,0
24,3
24,2
24,1
24,0
23,3
23,2
23,1
23,0
22,3
22,2
22,1
22,0
21,3
21,2
21,1
21,0
20,4
20,3
20,2
20,1
20,0
19,4
19,3
19,2
19,1
19,0
18,4
18,3
18,2
18,1
18,0
17,3
17,2
17,1
17,0
16,3
16,2
16,1
16,0
15,4
15,3
15,2
15,1
15,0
14,3
14,2
14,1
14,0
12,7
12,6
12,5
12,4
12,3
12,2
12,1
12,0
8,6
8,5
8,4
8,3
8,2
8,1
8,0
4,3
4,2
4,1
4,0
3,6
3,5
3,4
3,3
3,2
3,1
3,0
2,8
2,5
2,3
2,2
2,1
2,0
1,3
1,2
1,1
1,0
0,439
0,436
0,434
0,408
0,322
0,243
0,9
0,0
0,310
0,305
0,308
0,304
0,303
0,302
0,307
0,12
0,433
0,10
0,8
0,437
0,300
0,414
0,299
0,413
0,298
0,440
0,297
0,432
0,296
0,431
0,295
0,412
0,294
0,411
0,293
0,410
0,292
0,409
0,291
0,407
0,290
0,406
0,289
0,430
0,288
0,438
0,287
0,429
0,286
0,428
0,285
0,427
0,284
0,426
0,283
0,425
0,282
0,281
0,435
0,280
0,423
0,279
0,422
0,278
0,424
0,277
0,421
0,276
0,420
0,275
0,419
0,274
0,418
29,0
29,1
29,3
29,4
30,1
30,2
31,0
31,2
31,3
32,1
32,2
32,4
34,1
34,2
37,0
37,1
37,3
43,0
43,2
46,0
46,1
46,3
48,0
48,2
50,0
50,1
50,3
52,0
52,2
52,3
54,1
54,3
56,0
56,2
56,3
58,1
58,3
60,0
60,2
60,3
62,1
62,2
66,0
66,2
66,3
69,1
69,2
72,0
72,2
72,3
75,1
75,2
100,0
100,2
100,3
100,5
100,7
100,8
100,4
100,1
75,3
75,0
72,1
69,3
69,0
66,1
62,3
62,0
60,1
58,2
58,0
56,1
54,2
54,0
52,1
50,2
48,3
48,1
46,2
43,3
43,1
37,2
34,3
34,0
32,3
32,0
31,1
30,3
30,0
29,2
0,273
0,417
0,272
0,416
0,271
0,415
0,270
0,405
0,269
0,404
0,268
0,403
0,267
0,402
0,266
0,401
0,265
0,400
0,264
0,392
0,263
0,391
0,262
0,390
0,261
0,389
0,260
0,388
0,259
0,399
0,258
0,386
0,257
0,385
0,256
0,387
0,255
0,384
0,254
0,383
0,253
0,382
0,252
0,381
0,251
0,380
0,250
0,379
0,249
0,398
0,248
0,378
0,247
0,377
0,246
0,376
0,245
0,375
0,244
0,374
0,242
0,373
0,241
0,397
0,240
0,372
0,239
0,371
0,238
0,370
0,237
0,368
0,236
0,367
0,235
0,369
0,234
0,366
0,233
0,365
0,232
0,364
0,231
0,396
0,230
0,363
0,229
0,362
0,228
0,361
0,227
0,360
0,226
0,359
0,225
0,358
0,224
0,357
0,223
0,356
0,222
0,395
0,221
0,355
0,220
0,354
0,219
0,353
0,218
0,351
0,217
0,350
0,216
0,352
0,215
0,349
0,214
0,348
0,213
0,347
0,212
0,346
0,211
0,345
0,210
0,344
0,209
0,343
0,208
0,342
0,207
0,341
0,206
0,340
0,205
0,339
0,204
0,338
0,203
0,337
0,202
0,336
0,201
0,335
0,200
0,394
0,199
0,334
0,198
0,333
0,197
0,332
0,196
0,331
0,195
0,330
0,194
0,329
0,193
0,328
0,192
0,327
0,63
0,326
0,62
0,325
0,61
0,324
0,60
0,323
0,59
0,321
0,58
0,393
0,57
0,320
0,56
0,319
0,55
0,318
0,54
0,317
0,53
0,316
0,52
0,315
0,51
0,314
0,50
0,313
0,49
0,312
0,48
0,311
0,47
0,309
0,46
0,306
0,45
0,301
0,6
0,5
0,1
0,11
0,4
0,2
0,3
0,7
